   4.0881385e+00
   3.9741571e+00
   3.2215907e+00
   1.8930469e+00
   4.0579023e+00
   2.6641279e+00
   1.7536355e+00
   4.6950078e+00
   4.3797141e+00
   2.7507817e+00
   3.1123754e+00
   2.9352235e+00
   1.0387115e+00
   1.5062317e+00
   2.3546167e+00
   1.1524408e+00
   4.2215440e+00
   9.7382145e-01
   1.1296089e+00
   8.5354024e-01
   1.1383215e+00
   2.1784934e+00
   1.5555114e+00
   4.6168982e+00
   2.1510370e+00
   9.2408160e-01
   4.5244048e+00
   4.8987419e+00
   2.1943499e+00
   5.5559612e-01
   1.2903235e+00
   2.0435992e+00
   2.9744804e+00
   1.3110587e+00
   3.0142154e+00
   3.5560789e+00
   1.1087337e+00
   5.8708825e-01
   1.4833794e+00
   1.5938915e+00
   2.1208338e+00
   2.5392914e+00
   4.2757899e-01
   1.3124112e+00
   4.0050731e+00
   1.4610139e-01
   4.6442707e+00
   3.6516543e+00
   2.4430449e+00
   2.8926253e+00
   1.1864179e+00
   2.2942441e+00
   4.8154427e+00
   2.7340286e+00
   2.6056792e+00
   1.1579719e+00
   2.4444887e+00
   3.1203004e+00
   3.3956777e+00
   1.9775761e+00
   1.8371832e+00
   4.9399100e+00
   1.8869433e-01
   4.4258400e+00
   4.5664341e+00
   3.9809194e+00
   4.9356139e-01
   1.3093559e+00
   1.6767842e+00
   3.3986398e+00
   6.8276569e-01
   3.6061375e+00
   5.3380931e-01
   3.2687867e+00
   2.4708697e+00
   3.8952586e+00
   3.5751854e+00
   4.5186028e+00
   4.4546125e+00
   1.6708153e+00
   3.4937292e+00
   9.8904913e-01
   1.5270473e-01
   3.7203713e+00
   2.5001122e+00
   2.3996107e+00
   4.5236112e+00
   3.0493332e+00
   3.0883319e+00
   4.2972115e+00
   4.0274471e+00
   2.8836076e+00
   9.1461235e-01
   1.1996601e+00
   4.4325597e+00
   1.4337076e-01
   2.4495069e+00
   8.3963573e-01
   4.8934032e+00
