   6.4718182e+00
   6.5149850e+00
   6.2021876e+00
   5.8806525e+00
   6.2895337e+00
   5.8069582e+00
   5.0961359e+00
   6.6727945e+00
   6.6349410e+00
   5.9781231e+00
   6.3233825e+00
   6.1104105e+00
   4.9889773e+00
   5.3019472e+00
   5.8881852e+00
   5.0399613e+00
   6.9968677e+00
   4.6456556e+00
   4.6311475e+00
   4.5525509e+00
   4.7900752e+00
   5.6171882e+00
   5.2798559e+00
   6.4416166e+00
   5.7966078e+00
   4.9165422e+00
   6.6276267e+00
   6.8546259e+00
   5.9574452e+00
   4.2680762e+00
   4.6580391e+00
   5.8063557e+00
   5.7225993e+00
   5.1525226e+00
   6.1127619e+00
   6.7369428e+00
   4.9719618e+00
   4.4511564e+00
   5.3104999e+00
   5.3890035e+00
   5.6850492e+00
   5.7727752e+00
   4.1647779e+00
   5.2034689e+00
   6.1324382e+00
   3.9375300e+00
   6.7535888e+00
   6.2344158e+00
   5.8181337e+00
   6.2358617e+00
   4.9856370e+00
   5.9737617e+00
   6.4275807e+00
   6.1890977e+00
   6.0525897e+00
   4.9812790e+00
   5.6737967e+00
   5.9380513e+00
   6.1886012e+00
   5.4988671e+00
   5.4179242e+00
   6.6963480e+00
   4.1255943e+00
   6.6957698e+00
   6.3748780e+00
   6.5906606e+00
   4.3647510e+00
   5.1732302e+00
   5.5897712e+00
   6.1607701e+00
   4.5484947e+00
   6.7063929e+00
   4.6955128e+00
   6.1138893e+00
   5.9901381e+00
   6.3059394e+00
   6.4381673e+00
   6.7599955e+00
   6.1493521e+00
   5.5974235e+00
   6.5647084e+00
   4.9007216e+00
   4.4996242e+00
   6.3673325e+00
   5.6276322e+00
   5.3850987e+00
   6.4106240e+00
   6.2621986e+00
   6.1980341e+00
   6.5333309e+00
   6.2899970e+00
   6.0808887e+00
   4.5032276e+00
   4.9037236e+00
   6.3040425e+00
   4.2452610e+00
   5.8466665e+00
   4.5380310e+00
   6.4969587e+00
